VFAT2	20
MIN	0
MAX	50
STEP	0
N	100000
99576
16877059
33647898
50407339
67172249
83937432
100704942
117475978
134247115
151020553
167793968
184568228
201341235
218116918
234892610
251669193
268444818
285221250
301997923
318774165
335550355
352326666
369103087
385879585
402655679
419432563
436209522
452986537
469763541
486540605
503317840
520094987
536872074
553649293
570426456
587203626
603980844
620758121
637535304
654312483
671089685
687866851
704643906
721420886
738198037
754975227
771752293
788529414
805306440
822083620
