VFAT2	5
MIN	0
MAX	50
STEP	0
N	100000
92988
16874164
33653191
50430045
67203359
83973756
100738260
117502335
134267358
151033374
167801862
184572231
201345283
218118394
234892918
251667382
268443860
285219442
301995647
318771890
335548241
352325039
369101555
385878296
402655225
419432124
436209243
452986224
469763261
486540393
503317470
520094372
536871318
553648264
570425400
587202590
603979830
620757010
637534217
654311424
671088640
687865875
704643072
721420288
738197504
754974720
771751936
788529152
805306368
822083584
