VFAT2	4
MIN	0
MAX	50
STEP	0
N	100000
99599
16877087
33647243
50389665
67142461
83907381
100678583
117450313
134224629
151000114
167775747
184552200
201328845
218105586
234882573
251659684
268436792
285213610
301990886
318767698
335544507
352321593
369098761
385875986
402653184
419430405
436207616
452984832
469762048
486539264
503316480
520093696
536870912
553648128
570425344
587202560
603979776
620756992
637534208
654311424
671088640
687865856
704643072
721420288
738197504
754974720
771751936
788529152
805306368
822083584
