VFAT2	12
MIN	0
MAX	50
STEP	0
N	100000
99890
16877216
33654283
50429321
67198669
83961329
100731510
117508088
134288124
151067833
167834585
184594369
201359091
218124695
234897400
251671432
268446960
285223085
301999568
318776016
335553409
352329426
369104886
385880756
402656838
419432810
436208866
452985787
469762696
486539645
503316760
520093853
536871019
553648221
570425439
587202611
603979815
620757012
637534220
654311424
671088664
687865868
704643080
721420292
738197504
754974724
771751940
788529156
805306368
822083584
