VFAT2	18
MIN	0
MAX	50
STEP	0
N	100000
99522
16875916
33646232
50370032
67126492
83896432
100670758
117445690
134222061
150998741
167775289
184552069
201329058
218106112
234883357
251660705
268437626
285214695
301991892
318769112
335546312
352323522
369100699
385877670
402654570
419431508
436208629
452985484
469762052
486539264
503316480
520093696
536870912
553648128
570425344
587202560
603979776
620756992
637534208
654311424
671088640
687865856
704643072
721420288
738197504
754974720
771751936
788529152
805306368
822083584
