VFAT2	2
MIN	0
MAX	50
STEP	0
N	100000
99524
16876250
33646644
50379572
67122154
83892012
100667955
117443628
134219729
150996399
167773345
184550395
201327594
218104808
234882025
251659184
268435604
285212672
301989888
318767104
335544320
352321536
369098752
385875968
402653184
419430400
436207616
452984832
469762048
486539264
503316480
520093696
536870912
553648128
570425344
587202560
603979776
620756992
637534208
654311424
671088640
687865856
704643072
721420288
738197504
754974720
771751936
788529152
805306368
822083584
