VFAT2	11
MIN	0
MAX	50
STEP	0
N	100000
98391
16876581
33653825
50426243
67166447
83917184
100676880
117449708
134224253
151000338
167776856
184553478
201330420
218107270
234884120
251660875
268437735
285214624
301991236
318768147
335545385
352322672
369099938
385877119
402654299
419431469
436208524
452984984
469762048
486539264
503316480
520093696
536870912
553648128
570425344
587202560
603979776
620756992
637534208
654311424
671088640
687865856
704643072
721420288
738197504
754974720
771751936
788529152
805306368
822083584
