VFAT2	10
MIN	0
MAX	50
STEP	0
N	100000
99408
16876000
33645253
50381624
67121121
83890243
100666136
117443122
134220092
150996881
167773646
184550543
201327603
218104810
234882025
251659212
268435884
285212688
301989888
318767104
335544320
352321536
369098752
385875968
402653184
419430400
436207616
452984832
469762048
486539264
503316480
520093696
536870912
553648128
570425344
587202560
603979776
620756992
637534208
654311424
671088640
687865856
704643072
721420288
738197504
754974720
771751936
788529152
805306368
822083584
