VFAT2	19
MIN	0
MAX	50
STEP	0
N	100000
99783
16877008
33645295
50383010
67139242
83906633
100677827
117452379
134228107
151003860
167780468
184557200
201333548
218110111
234886757
251663193
268439044
285215302
301992000
318768624
335545615
352322712
369099887
385877055
402654257
419431448
436208628
452985677
469762501
486539426
503316508
520093708
536870920
553648132
570425344
587202560
603979776
620756992
637534208
654311424
671088640
687865856
704643072
721420288
738197504
754974720
771751936
788529152
805306368
822083584
