VFAT2	3
MIN	0
MAX	50
STEP	0
N	100000
99653
16877057
33646216
50401988
67134517
83894421
100668026
117444540
134221652
150998284
167774815
184551594
201328657
218105795
234882749
251659529
268436576
285213680
301990888
318768104
335545320
352322536
369099589
385876040
402653184
419430400
436207616
452984832
469762048
486539264
503316480
520093696
536870912
553648128
570425344
587202560
603979776
620756992
637534208
654311424
671088640
687865856
704643072
721420288
738197504
754974720
771751936
788529152
805306368
822083584
