VFAT2	13
MIN	0
MAX	50
STEP	0
N	100000
97415
16876988
33654410
50431638
67208748
83984984
100759398
117532959
134305411
151081295
167858189
184628646
201384823
218152635
234916560
251679662
268449176
285221436
301995243
318770142
335546607
352323042
369099787
385876535
402653525
419430590
436207716
452984890
469762098
486539306
503316492
520093704
536870934
553648136
570425352
587202564
603979776
620756992
637534208
654311424
671088640
687865856
704643072
721420288
738197504
754974720
771751936
788529152
805306368
822083584
